searching 0.401553
1
ranging 0.542566 0.543494
108
ranging 0.996977 0.998179
133
searching 0.351201
1
ranging 0.951656 0.95325
149
ranging 0.499878 0.501788
190
ranging 0.619691 0.619789
9
searching 0.756475
0
ranging 0.122217 0.123949
175
ranging 0.673007 0.674883
200
ranging 0.901292 0.901884
46
searching 0.247002
1
searching 0.868999
0
searching 0.6093
0
searching 0.307705
0
ranging 0.632089 0.632229
12
ranging 0.569514 0.571142
182
ranging 0.123623 0.124981
125
searching 0.621572
1
ranging 0.879381 0.881149
183
searching 0.054076
1
searching 0.018441
1
ranging 0.952597 0.953501
87
ranging 0.77623 0.777582
133
searching 0.327828
0
ranging 0.741317 0.742901
161
searching 0.627745
0
ranging 0.705143 0.706497
135
searching 0.985108
1
ranging 0.888348 0.88911
84
ranging 0.169727 0.170269
55
ranging 0.863811 0.865025
125
searching 0.197985
1
ranging 0.241828 0.24248
65
ranging 0.414897 0.416233
152
searching 0.335389
1
ranging 0.440503 0.440683
19
searching 0.129341
0
ranging 0.170702 0.171098
41
searching 0.762268
1
searching 0.878436
0
searching 0.525032
0
ranging 0.873323 0.873543
21
ranging 0.703429 0.704117
54
searching 0.75413
1
ranging 0.759236 0.759412
30
searching 0.226593
1
searching 0.327117
1
ranging 0.545591 0.547373
178
searching 0.335022
0
ranging 0.138785 0.138851
8
ranging 0.882714 0.884342
175
ranging 0.831307 0.832155
91
searching 0.116897
1
ranging 0.276282 0.277192
102
searching 0.717464
0
searching 0.871381
1
ranging 0.972068 0.97211
3
ranging 0.136451 0.137409
97
searching 0.136915
0
ranging 0.503831 0.504587
89
searching 0.283862
0
ranging 0.094627 0.095209
75
searching 0.486011
1
searching 0.200383
0
ranging 0.827747 0.827949
36
ranging 0.504682 0.506334
166
ranging 0.191498 0.192608
132
ranging 0.978272 0.979698
147
searching 0.032284
1
searching 0.074228
1
ranging 0.078217 0.078715
41
searching 0.879599
0
ranging 0.01509 0.016184
116
searching 0.87926
0
searching 0.751458
1
searching 0.402369
0
searching 0.777115
1
ranging 0.560493 0.560595
6
ranging 0.3566 0.356676
6
ranging 0.907174 0.908722
142
ranging 0.192112 0.192414
25
ranging 0.520168 0.521302
99
ranging 0.821848 0.822576
78
ranging 0.638495 0.640303
195
ranging 0.170549 0.170797
23
searching 0.313181
0
ranging 0.7064 0.70713
66
ranging 0.75902 0.760872
203
searching 0.700439
0
searching 0.784552
1
ranging 0.773372 0.774132
82
searching 0.651195
0
searching 0.539061
1
searching 0.531899
1
ranging 0.586526 0.586946
50
searching 0.495501
1
searching 0.436093
0
searching 0.11959
1
ranging 0.772338 0.772894
58
ranging 0.378212 0.379568
139
ranging 0.94635 0.947022
70
ranging 0.519926 0.520498
51
ranging 0.354944 0.355752
86
ranging 0.772953 0.774365
139
searching 0.01322
1
searching 0.917461
0
ranging 0.767266 0.767398
13
ranging 0.606118 0.606704
50
searching 0.222911
1
searching 0.952327
1
ranging 0.095425 0.095913
58
ranging 0.491677 0.492717
132
searching 0.620003
1
ranging 0.476619 0.478371
176
ranging 0.701356 0.702762
147
ranging 0.544374 0.545516
105
searching 0.621437
0
searching 0.591465
1
ranging 0.565305 0.565359
4
ranging 0.316688 0.318254
161
searching 0.126011
0
ranging 0.387581 0.388919
148
ranging 0.902748 0.90282
11
ranging 0.739688 0.740288
48
ranging 0.097308 0.09828
100
searching 0.753833
0
ranging 0.726031 0.727275
134
ranging 0.993836 0.994772
90
ranging 0.751723 0.751931
21
searching 0.93621
0
searching 0.184903
1
ranging 0.314007 0.314261
32
searching 0.7466
0
searching 0.734908
0
searching 0.771265
1
searching 0.829541
1
searching 0.464488
1
ranging 0.884659 0.885273
56
searching 0.429457
1
searching 0.258569
1
searching 0.367068
1
searching 0.174921
1
searching 0.440938
1
searching 0.904695
1
ranging 0.172382 0.17389
147
ranging 0.338973 0.340725
148
searching 0.420012
1
ranging 0.027373 0.029335
201
ranging 0.82243 0.824238
225
ranging 0.30069 0.301114
49
ranging 0.967174 0.967712
56
ranging 0.901829 0.901855
1
ranging 0.137497 0.138471
106
searching 0.188339
1
ranging 0.17459 0.174886
30
ranging 0.349517 0.350209
75
ranging 0.254866 0.254916
2
ranging 0.843061 0.843589
56
searching 0.906473
0
ranging 0.114989 0.116475
160
ranging 0.564783 0.565773
94
searching 0.099605
2
ranging 0.58099 0.581666
61
searching 0.32536
0
ranging 0.820455 0.821185
70
ranging 0.704274 0.705528
124
ranging 0.529334 0.52957
15
ranging 0.158385 0.159093
69
ranging 0.059681 0.061613
185
ranging 0.392112 0.392746
41
searching 0.341422
1
searching 0.109929
0
searching 0.227539
0
searching 0.023475
1
searching 0.053404
1
ranging 0.252248 0.253786
155
searching 0.872842
0
ranging 0.897498 0.899148
192
ranging 0.44495 0.44556
65
ranging 0.45525 0.455442
17
searching 0.014888
0
searching 0.014888
0
searching 0.1831
1
searching 0.675793
0
ranging 0.386381 0.388043
166
ranging 0.589292 0.589812
49
ranging 0.113033 0.113707
69
ranging 0.016252 0.0171
85
searching 0.180326
0
ranging 0.398676 0.400326
169
ranging 0.338233 0.340019
149
ranging 0.613036 0.613192
11
searching 0.778065
2
ranging 0.590878 0.592348
149
searching 0.025482
1
ranging 0.037888 0.03979
156
ranging 0.511155 0.511767
66
searching 0.803626
0
ranging 0.571993 0.572429
50
ranging 0.505502 0.507122
185
ranging 0.934836 0.936186
139
searching 0.006847
1
searching 0.741558
1
searching 0.58427
2
ranging 0.928545 0.929769
114
ranging 0.072989 0.073037
7
ranging 0.748922 0.75074
178
ranging 0.901325 0.901443
9
searching 0.557498
1
searching 0.821699
0
searching 0.392834
1
ranging 0.261431 0.263399
201
searching 0.233449
1
searching 0.640179
0
ranging 0.779422 0.781146
166
ranging 0.232686 0.234092
131
ranging 0.706837 0.707065
28
searching 0.653787
0
searching 0.546135
1
ranging 0.686656 0.68812
147
ranging 0.029491 0.030493
99
searching 0.546236
0
searching 0.489729
0
searching 0.382155
1
searching 0.931768
1
ranging 0.032513 0.032767
26
searching 0.708809
1
ranging 0.529462 0.529468
1
searching 0.674866
0
ranging 0.043101 0.043167
11
ranging 0.600065 0.600085
3
searching 0.716576
0
searching 0.314628
1
ranging 0.667721 0.669175
142
searching 0.714674
1
searching 0.505911
0
ranging 0.730588 0.731414
64
ranging 0.344951 0.345643
65
searching 0.435157
0
ranging 0.663626 0.665056
146
ranging 0.165976 0.166458
38
searching 0.718627
0
ranging 0.42231 0.42253
21
ranging 0.130136 0.13202
189
searching 0.217281
0
searching 0.998595
0
ranging 0.991083 0.992943
174
ranging 0.597046 0.598438
129
ranging 0.79532 0.796092
93
ranging 0.431626 0.432006
45
searching 0.273632
1
searching 0.857866
0
searching 0.800743
0
ranging 0.029374 0.030166
78
searching 0.091342
1
searching 0.481745
0
ranging 0.7474 0.747484
12
searching 0.069358
1
ranging 0.997382 0.999022
174
searching 0.69123
0
searching 0.095173
1
searching 0.930804
0
searching 0.429178
1
searching 0.668154
0
searching 0.44257
0
searching 0.31225
0
ranging 0.011915 0.012569
68
ranging 0.412571 0.413783
121
searching 0.130188
1
ranging 0.867252 0.86732
6
ranging 0.823314 0.824418
126
ranging 0.635837 0.636227
38
ranging 0.976994 0.978164
113
searching 0.076433
0
searching 0.665082
1
searching 0.478891
2
searching 0.552626
1
ranging 0.792616 0.79323
68
ranging 0.04762 0.048744
114
ranging 0.61482 0.616234
152
ranging 0.445499 0.446499
99
searching 0.243102
1
searching 0.260657
0
searching 0.129204
1
ranging 0.682113 0.683199
137
ranging 0.265556 0.266482
62
ranging 0.585082 0.58606
98
ranging 0.529637 0.530849
142
ranging 0.312391 0.313755
156
searching 0.104717
0
searching 0.70545
1
searching 0.067235
1
ranging 0.070257 0.070911
73
ranging 0.665704 0.666438
93
ranging 0.490526 0.490764
30
ranging 0.019288 0.020888
162
ranging 0.017902 0.019724
182
searching 0.077757
0
searching 0.812151
1
ranging 0.059013 0.059123
13
searching 0.60167
0
ranging 0.476418 0.477422
86
ranging 0.7794 0.780088
66
ranging 0.368339 0.368981
65
ranging 0.848067 0.848379
35
ranging 0.710134 0.71104
86
ranging 0.885658 0.88601
37
searching 0.927059
1
ranging 0.846754 0.84784
112
ranging 0.848226 0.849218
101
searching 0.679859
1
ranging 0.874123 0.875649
149
ranging 0.634828 0.636416
158
ranging 0.332805 0.333235
43
ranging 0.351082 0.352972
195
ranging 0.525726 0.527072
117
searching 0.731643
0
ranging 0.811666 0.813296
139
ranging 0.751792 0.753024
112
searching 0.951974
0
searching 0.180708
0
ranging 0.333662 0.333982
26
searching 0.927556
1
searching 0.098035
0
ranging 0.959616 0.960894
142
ranging 0.455123 0.455359
22
ranging 0.117486 0.117552
11
ranging 0.90314 0.904058
83
ranging 0.759685 0.761171
154
ranging 0.517025 0.517865
84
searching 0.852864
1
ranging 0.672723 0.673213
57
searching 0.834252
2
ranging 0.652664 0.654604
183
ranging 0.464014 0.464744
87
ranging 0.45978 0.459942
23
ranging 0.609296 0.609774
39
searching 0.100579
1
searching 0.93697
1
searching 0.642115
0
searching 0.750946
0
searching 0.9578
1
ranging 0.903855 0.905109
125
ranging 0.882812 0.883796
94
searching 0.140012
1
searching 0.693208
1
ranging 0.352927 0.353971
84
searching 0.725659
1
ranging 0.112601 0.114113
153
ranging 0.109088 0.109996
75
searching 0.541937
1
ranging 0.625195 0.626943
202
ranging 0.299553 0.300281
81
ranging 0.876927 0.877051
16
searching 0.234051
1
searching 0.857375
0
searching 0.447533
1
ranging 0.683597 0.684011
48
searching 0.759091
1
searching 0.258421
0
searching 0.433114
1
ranging 0.804517 0.806375
194
ranging 0.164078 0.164824
67
ranging 0.945298 0.946086
87
ranging 0.201104 0.202052
100
ranging 0.671809 0.673679
187
searching 0.623502
1
ranging 0.277896 0.278368
45
ranging 0.133451 0.134147
70
ranging 0.539809 0.540977
105
ranging 0.185267 0.186261
103
searching 0.386588
0
ranging 0.107803 0.109325
132
ranging 0.401909 0.403873
233
searching 0.488029
1
ranging 0.266755 0.267335
49
searching 0.261309
1
searching 0.434595
0
searching 0.652066
1
searching 0.310903
1
searching 0.922915
0
searching 0.60884
1
searching 0.794226
1
ranging 0.049157 0.050809
173
searching 0.257204
0
searching 0.256512
0
searching 0.845802
1
ranging 0.154112 0.15584
201
ranging 0.962367 0.962855
59
searching 0.951708
1
ranging 0.109014 0.109992
81
searching 0.463144
0
ranging 0.553088 0.553508
41
searching 0.619857
0
ranging 0.453976 0.455914
188
searching 0.248033
1
ranging 0.7021 0.703848
161
searching 0.142869
0
ranging 0.265001 0.266789
136
searching 0.371154
0
searching 0.629848
1
searching 0.828824
1
searching 0.81118
1
searching 0.827831
0
searching 0.261375
1
searching 0.880786
1
searching 0.577015
0
searching 0.58207
0
searching 0.48939
1
ranging 0.953416 0.954938
159
searching 0.575454
1
searching 0.309233
1
ranging 0.567937 0.568033
7
ranging 0.544026 0.54555
144
ranging 0.584 0.585574
179
ranging 0.433266 0.434056
72
searching 0.654214
1
ranging 0.890147 0.890741
55
searching 0.426263
0
ranging 0.78497 0.7867
155
searching 0.434751
0
searching 0.525351
0
searching 0.014691
1
ranging 0.582679 0.584103
156
ranging 0.802506 0.80292
30
searching 0.875939
0
searching 0.555698
1
searching 0.533835
0
searching 0.985283
1
searching 0.823261
0
searching 0.315935
0
ranging 0.429998 0.43155
160
ranging 0.444129 0.445939
172
searching 0.71735
0
searching 0.523053
1
ranging 0.570163 0.570909
90
searching 0.655459
1
ranging 0.400422 0.400702
34
ranging 0.588136 0.58912
107
searching 0.931564
1
searching 0.960433
1
searching 0.381863
1
searching 0.089719
0
ranging 0.897464 0.89865
135
ranging 0.212373 0.213319
98
searching 0.327859
2
searching 0.267664
2
ranging 0.534789 0.536467
157
searching 0.527781
0
searching 0.77262
1
searching 0.770733
1
ranging 0.3219 0.322698
81
ranging 0.842986 0.843306
38
searching 0.283833
0
ranging 0.272153 0.273815
178
searching 0.525621
1
ranging 0.381223 0.381833
57
ranging 0.94737 0.948074
74
searching 0.945943
0
ranging 0.606724 0.608186
148
ranging 0.537953 0.538513
55
searching 0.835807
1
ranging 0.75987 0.761292
148
ranging 0.17427 0.175372
100
searching 0.616429
1
searching 0.07766
0
ranging 0.528832 0.529664
75
searching 0.873246
0
searching 0.109177
0
ranging 0.228481 0.229585
102
ranging 0.90188 0.903416
149
ranging 0.115791 0.116493
72
ranging 0.625178 0.626718
177
searching 0.26972
0
ranging 0.974382 0.976212
191
searching 0.280512
0
ranging 0.677315 0.678673
132
ranging 0.53153 0.532944
165
searching 0.519613
0
ranging 0.821488 0.822954
161
ranging 0.566009 0.567175
110
ranging 0.200685 0.201883
119
searching 0.895593
1
ranging 0.99576 0.997696
217
searching 0.297934
1
ranging 0.2437 0.245486
165
searching 0.045899
0
ranging 0.66549 0.6672
206
searching 0.055633
0
searching 0.245148
0
ranging 0.704892 0.705038
17
searching 0.586299
1
searching 0.316404
1
searching 0.187366
1
ranging 0.401728 0.401912
13
ranging 0.233991 0.235615
145
ranging 0.857736 0.858964
137
searching 0.283857
0
searching 0.309838
0
ranging 0.241131 0.242043
93
ranging 0.94955 0.949944
47
ranging 0.841145 0.841823
78
searching 0.75471
1
searching 0.553084
1
searching 0.087016
1
searching 0.778744
0
searching 0.635641
1
searching 0.588057
1
searching 0.613136
0
searching 0.236137
1
searching 0.471195
0
ranging 0.660866 0.66247
138
searching 0.728858
1
ranging 0.616361 0.617531
116
searching 0.995169
0
ranging 0.023774 0.023822
3
searching 0.129213
1
ranging 0.609694 0.610314
52
ranging 0.053814 0.055174
145
ranging 0.904824 0.905464
63
searching 0.198719
0
searching 0.612051
0
searching 0.20985
0
searching 0.805087
1
searching 0.346475
1
searching 0.514514
0
ranging 0.456787 0.458343
161
ranging 0.484944 0.485054
14
searching 0.443793
0
searching 0.146503
1
searching 0.568151
1
ranging 0.213803 0.215249
127
ranging 0.652959 0.654813
171
ranging 0.231467 0.231517
9
ranging 0.418393 0.420135
178
searching 0.515861
0
ranging 0.781757 0.782693
93
searching 0.724707
0
ranging 0.568849 0.569895
102
ranging 0.054207 0.054591
33
searching 0.962439
1
searching 0.272033
0
ranging 0.33031 0.330842
49
searching 0.887416
1
searching 0.189497
2
searching 0.472393
0
ranging 0.594136 0.59609
207
ranging 0.892684 0.894538
194
searching 0.020991
0
ranging 0.755383 0.755553
12
searching 0.638569
0
ranging 0.507102 0.507442
36
ranging 0.25894 0.259376
44
searching 0.604308
0
ranging 0.830936 0.831414
52
ranging 0.997883 0.999089
121
ranging 0.610221 0.611047
89
searching 0.108993
0
searching 0.610297
1
ranging 0.626991 0.627335
44
searching 0.605608
0
searching 0.249611
0
searching 0.756734
1
ranging 0.913442 0.915188
175
searching 0.355749
0
ranging 0.09021 0.091324
131
searching 0.426728
2
searching 0.671309
1
ranging 0.5167 0.518616
190
ranging 0.426435 0.427099
68
ranging 0.740608 0.742492
183
ranging 0.432156 0.432324
12
ranging 0.968805 0.970593
169
searching 0.570872
0
searching 0.963994
1
searching 0.525354
0
searching 0.61073
1
ranging 0.336757 0.337481
73
searching 0.049494
0
ranging 0.59651 0.596936
30
ranging 0.67838 0.679724
136
ranging 0.306236 0.306876
72
searching 0.037853
0
searching 0.361109
0
searching 0.515141
1
searching 0.616528
1
ranging 0.67213 0.67225
11
ranging 0.62475 0.624868
12
searching 0.193117
1
searching 0.058175
0
searching 0.530711
1
searching 0.408213
0
searching 0.038165
1
searching 0.487371
0
ranging 0.632657 0.632993
46
searching 0.853639
0
searching 0.227643
0
ranging 0.429237 0.430147
82
searching 0.054573
1
searching 0.536506
0
searching 0.677164
0
searching 0.900939
0
ranging 0.598433 0.598783
30
searching 0.632557
1
ranging 0.486787 0.488277
157
ranging 0.14774 0.148582
77
searching 0.34266
1
ranging 0.136311 0.137199
97
searching 0.791957
1
searching 0.068304
1
ranging 0.156254 0.158048
169
ranging 0.872664 0.87363
103
searching 0.586336
1
ranging 0.743692 0.745662
199
searching 0.69288
0
ranging 0.639234 0.639868
70
searching 0.762771
0
searching 0.182958
0
searching 0.146026
0
searching 0.410901
0
searching 0.894215
0
ranging 0.225994 0.227896
201
ranging 0.604092 0.605872
176
searching 0.665453
0
ranging 0.840757 0.842363
177
searching 0.927125
1
searching 0.331553
2
ranging 0.926356 0.927834
166
searching 0.800819
1
searching 0.380418
0
searching 0.975925
2
ranging 0.68352 0.685284
176
ranging 0.487161 0.489105
204
searching 0.839289
2
ranging 0.009014 0.009492
53
searching 0.852211
0
ranging 0.316907 0.318581
169
searching 0.43495
0
ranging 0.196671 0.197673
109
ranging 0.116373 0.116383
3
searching 0.835794
0
searching 0.872531
1
searching 0.439758
0
searching 0.751626
0
searching 0.950399
0
ranging 0.571416 0.57218
79
searching 0.852714
0
searching 0.69475
0
ranging 0.335256 0.336404
132
ranging 0.170094 0.1713
129
searching 0.43727
0
searching 0.284494
1
searching 0.394627
1
ranging 0.357315 0.358767
144
searching 0.259447
0
ranging 0.445101 0.446201
95
searching 0.875384
0
ranging 0.395309 0.397097
167
searching 0.442667
1
ranging 0.730835 0.731981
104
ranging 0.697449 0.697613
18
ranging 0.996147 0.997431
143
ranging 0.033953 0.035065
104
ranging 0.405563 0.407189
176
ranging 0.758691 0.759945
146
searching 0.471712
1
searching 0.035122
1
ranging 0.792781 0.793509
82
searching 0.054373
0
searching 0.24867
1
searching 0.581478
1
searching 0.116552
0
searching 0.615347
1
searching 0.080573
1
searching 0.835564
1
ranging 0.76807 0.770048
197
ranging 0.475504 0.475696
18
ranging 0.367437 0.368729
122
searching 0.26994
1
searching 0.709276
0
ranging 0.320251 0.321851
142
searching 0.479222
0
searching 0.720221
1
ranging 0.53179 0.532792
108
searching 0.241997
0
ranging 0.307963 0.309803
196
ranging 0.091763 0.092063
39
ranging 0.369334 0.369812
47
ranging 0.206568 0.2076
122
searching 0.996651
1
searching 0.531502
1
ranging 0.922035 0.923693
166
ranging 0.968335 0.969811
147
searching 0.375465
0
searching 0.290811
0
searching 0.616145
1
ranging 0.018978 0.019498
57
searching 0.015243
1
searching 0.260256
0
searching 0.741713
0
ranging 0.658087 0.659349
127
ranging 0.159439 0.161089
156
searching 0.395822
1
searching 0.990651
1
ranging 0.368079 0.369257
124
searching 0.373335
0
searching 0.682672
1
ranging 0.113616 0.113966
35
ranging 0.264001 0.264817
85
searching 0.831983
1
ranging 0.958908 0.9608
214
ranging 0.280545 0.281395
91
searching 0.257368
0
ranging 0.103986 0.104372
32
searching 0.161406
1
searching 0.809157
1
searching 0.95492
0
ranging 0.353698 0.35518
139
searching 0.756741
1
ranging 0.757572 0.759218
172
searching 0.138
0
ranging 0.75779 0.75847
75
ranging 0.997597 0.999275
175
searching 0.10659
1
ranging 0.921854 0.92226
40
searching 0.826195
0
searching 0.400403
0
searching 0.75561
1
searching 0.262378
0
ranging 0.241592 0.243132
164
searching 0.45254
1
ranging 0.780548 0.781796
131
searching 0.868105
0
searching 0.578603
1
ranging 0.580729 0.582331
142
searching 0.57055
1
ranging 0.295289 0.295397
11
ranging 0.075672 0.076786
119
ranging 0.948735 0.949591
103
ranging 0.558359 0.559065
76
ranging 0.165427 0.165989
68
searching 0.24009
0
searching 0.056038
0
ranging 0.812296 0.812416
6
searching 0.25626
0
searching 0.978977
0
searching 0.305879
2
ranging 0.200014 0.201132
117
searching 0.775936
1
ranging 0.772226 0.772918
72
ranging 0.21255 0.21318
73
searching 0.64498
0
searching 0.159539
1
ranging 0.92706 0.928712
181
searching 0.757554
0
ranging 0.633901 0.634985
113
searching 0.911718
0
ranging 0.171013 0.172195
111
searching 0.268076
1
searching 0.264186
1
searching 0.449448
1
ranging 0.027954 0.028184
30
searching 0.230397
0
searching 0.809609
1
searching 0.186699
0
ranging 0.86105 0.861456
47
ranging 0.092468 0.094332
182
ranging 0.619451 0.620075
71
searching 0.584689
0
ranging 0.594559 0.595149
72
searching 0.88991
1
searching 0.861854
1
searching 0.617662
2
ranging 0.093031 0.094945
179
searching 0.132359
1
ranging 0.116279 0.117945
148
ranging 0.795096 0.796504
154
ranging 0.126833 0.127117
37
ranging 0.572336 0.572602
33
ranging 0.779354 0.780552
111
searching 0.632841
1
ranging 0.654847 0.655317
49
ranging 0.702119 0.703689
143
searching 0.050416
1
searching 0.650575
1
ranging 0.241593 0.242843
134
searching 0.473769
0
ranging 0.465889 0.466335
49
searching 0.934301
1
searching 0.568608
0
ranging 0.95004 0.950244
16
searching 0.902806
1
searching 0.378979
1
ranging 0.024744 0.02644
144
searching 0.068198
1
ranging 0.029508 0.029754
22
ranging 0.600455 0.601267
101
searching 0.691684
1
ranging 0.745934 0.747248
150
ranging 0.450154 0.451268
127
ranging 0.752056 0.752078
3
ranging 0.072915 0.073085
10
searching 0.5724
1
searching 0.458972
0
ranging 0.605415 0.607269
184
ranging 0.180162 0.18135
110
ranging 0.792895 0.794615
174
ranging 0.667878 0.669264
140
searching 0.755739
0
ranging 0.077753 0.078911
95
ranging 0.668859 0.670807
199
ranging 0.511909 0.512165
26
ranging 0.501299 0.503191
195
searching 0.03205
0
ranging 0.143606 0.14451
85
ranging 0.933646 0.935426
189
ranging 0.426813 0.427111
35
searching 0.566985
0
ranging 0.208793 0.210177
158
searching 0.662472
0
searching 0.562196
1
ranging 0.216376 0.21769
144
searching 0.031835
0
ranging 0.147696 0.147702
1
searching 0.368647
1
ranging 2.1e-05 0.001105
113
ranging 0.890811 0.892265
144
searching 0.9282
0
ranging 0.757354 0.757816
52
searching 0.050716
0
ranging 0.091676 0.091736
5
searching 0.736102
0
ranging 0.239124 0.240768
150
ranging 0.534792 0.535188
42
searching 0.528935
0
searching 0.034931
1
searching 0.474238
1
ranging 0.086226 0.08738
100
ranging 0.438359 0.439403
90
ranging 0.608891 0.609531
55
ranging 0.870201 0.870827
62
ranging 0.530381 0.531781
155
ranging 0.621676 0.622788
121
ranging 0.927944 0.928106
15
ranging 0.782024 0.782722
65
ranging 0.498458 0.500432
187
searching 0.748112
0
searching 0.333687
1
ranging 0.968956 0.969178
39
searching 0.397768
2
searching 0.367858
0
ranging 0.560205 0.560411
23
searching 0.89624
1
searching 0.11432
0
ranging 0.942837 0.943987
124
searching 0.589854
0
searching 0.382149
1
ranging 0.263031 0.263673
73
searching 0.305813
0
ranging 0.063422 0.064928
162
ranging 0.442917 0.443271
28
ranging 0.237191 0.237345
16
ranging 0.044388 0.044658
27
searching 0.835296
1
searching 0.56298
1
searching 0.709757
1
searching 0.20812
0
searching 0.100533
0
searching 0.852791
1
ranging 0.583401 0.583749
40
ranging 0.242869 0.244775
165
searching 0.536718
2
ranging 0.582702 0.582914
34
ranging 0.831362 0.832538
123
ranging 0.915837 0.917339
134
searching 0.781859
1
ranging 0.364243 0.365063
78
searching 0.254738
0
searching 0.015269
0
ranging 0.925095 0.926967
203
ranging 0.366179 0.366641
42
ranging 0.219063 0.220705
148
searching 0.927679
1
searching 0.860404
1
searching 0.24516
1
searching 0.351925
1
searching 0.668342
1
ranging 0.968593 0.970383
177
searching 0.839356
1
searching 0.175036
1
searching 0.037623
1
searching 0.242759
1
searching 0.202344
1
searching 0.464023
1
ranging 0.817123 0.817893
67
ranging 0.592296 0.59283
54
ranging 0.392826 0.393634
88
ranging 0.254654 0.255162
45
searching 0.896075
1
ranging 0.042658 0.044638
210
searching 0.766871
2
ranging 0.088894 0.090462
165
ranging 0.167615 0.169455
172
ranging 0.391336 0.39243
84
ranging 0.406518 0.407252
85
searching 0.526118
0
searching 0.230154
0
searching 0.3802
1
ranging 0.95229 0.954094
181
searching 0.198018
1
ranging 0.031511 0.033509
183
ranging 0.978569 0.980445
195
ranging 0.738859 0.740385
145
ranging 0.02679 0.027964
110
ranging 0.833705 0.835123
140
searching 0.221789
1
searching 0.658314
0
searching 0.159104
0
searching 0.865959
0
ranging 0.942097 0.942257
21
searching 0.760798
1
ranging 0.429727 0.430953
129
ranging 0.960872 0.961216
34
searching 0.540051
0
ranging 0.403506 0.405218
191
searching 0.007292
0
searching 0.403626
0
searching 0.427779
0
searching 0.519321
0
ranging 0.480741 0.482361
164
searching 0.342554
1
searching 0.131692
1
searching 0.823544
1
ranging 0.322481 0.323801
116
searching 0.213128
0
searching 0.286118
1
searching 0.867788
1
ranging 0.906387 0.908203
177
ranging 0.942333 0.942465
9
searching 0.108334
0
searching 0.640439
1
ranging 0.347521 0.348857
133
searching 0.353485
1
ranging 0.995627 0.997579
214
searching 0.759898
1
ranging 0.603806 0.605418
147
searching 0.118632
1
searching 0.759482
1
ranging 0.722323 0.723879
140
ranging 0.899895 0.901545
167
ranging 0.1082 0.108692
53
searching 0.502063
1
searching 0.034288
0
ranging 0.487822 0.489758
215
ranging 0.13751 0.137606
11
ranging 0.317472 0.318192
62
searching 0.854755
0
ranging 0.813417 0.813597
13
searching 0.531449
1
ranging 0.74187 0.742136
30
searching 0.325098
1
ranging 0.988931 0.990147
110
ranging 0.998614 0.998778
22
ranging 0.810245 0.810999
66
ranging 0.901867 0.903689
181
searching 0.64213
0
searching 0.482784
0
ranging 0.012172 0.013664
142
searching 0.981935
0
ranging 0.23916 0.240316
95
searching 0.347207
1
searching 0.049967
0
searching 0.132894
0
ranging 0.133317 0.134299
101
searching 0.276622
1
ranging 0.1784 0.17939
106
ranging 0.707435 0.708871
140
ranging 0.374972 0.375882
99
ranging 0.699083 0.700237
101
searching 0.041149
1
ranging 0.851522 0.853032
127
ranging 0.483859 0.484027
19
searching 0.356202
0
ranging 0.487819 0.488581
94
ranging 0.232391 0.233895
140
searching 0.590761
1
searching 0.688699
1
ranging 0.627231 0.627525
26
searching 0.426034
0
searching 0.713179
0
ranging 0.918566 0.919272
69
searching 0.003849
1
ranging 0.69707 0.698332
146
searching 0.27202
1
searching 0.627134
0
ranging 0.082183 0.083523
127
searching 0.787455
1
ranging 0.258376 0.259594
131
searching 0.230294
1
searching 0.563152
1
ranging 0.025707 0.025889
16
ranging 0.738604 0.740512
178
ranging 0.161763 0.162905
119
ranging 0.945659 0.945933
25
searching 0.232198
2
ranging 0.315542 0.316678
109
ranging 0.859045 0.860895
174
ranging 0.072205 0.072831
67
ranging 0.027839 0.028449
64
searching 0.440511
1
ranging 0.780249 0.781589
135
ranging 0.459003 0.460411
131
ranging 0.805086 0.805852
95
searching 0.645796
0
ranging 0.686977 0.687769
64
searching 0.130478
1
searching 0.68671
1
ranging 0.246392 0.248196
178
searching 0.923709
0
searching 0.233379
1
searching 0.699457
1
searching 0.523862
1
searching 0.686401
0
searching 0.711064
1
ranging 0.716736 0.717022
31
ranging 0.042795 0.043517
80
ranging 0.47687 0.477398
50
searching 0.385178
0
ranging 0.572916 0.574792
199
searching 0.756692
1
searching 0.669918
1
ranging 0.944259 0.944595
27
ranging 0.979786 0.979844
6
searching 0.140138
0
searching 0.506904
2
ranging 0.362984 0.363182
20
searching 0.553714
0
searching 0.531441
1
searching 0.000532
1
searching 0.61388
0
ranging 0.487814 0.488054
30
searching 0.960182
1
ranging 0.196342 0.19833
216
searching 0.807399
1
ranging 0.570432 0.571112
78
searching 0.27153
0
ranging 0.818317 0.819605
132
searching 0.894969
1
searching 0.785134
0
ranging 0.873422 0.874886
138
searching 0.380225
0
ranging 0.30196 0.302638
72
ranging 0.722431 0.724055
145
searching 0.991831
1
ranging 0.429832 0.430718
91
ranging 0.743338 0.744838
166
searching 0.220168
0
searching 0.472354
0
ranging 0.186714 0.188542
181
ranging 0.121244 0.122044
80
ranging 0.152656 0.152912
25
ranging 0.035622 0.037518
164
searching 0.760779
0
searching 0.035429
0
searching 0.397514
1
ranging 0.734286 0.73524
104
searching 0.305695
1
ranging 0.38063 0.382144
144
searching 0.838673
1
ranging 0.045151 0.046323
143
ranging 0.903394 0.905384
199
ranging 0.460705 0.461251
60
ranging 0.278016 0.279992
188
searching 0.031206
0
searching 0.136845
1
ranging 0.193513 0.194773
125
ranging 0.029473 0.029847
37
ranging 0.445944 0.446112
15
searching 0.472845
0
ranging 0.181137 0.182419
134
ranging 0.189462 0.189904
53
searching 0.212527
0
ranging 0.592373 0.593663
127
searching 0.486361
1
searching 0.294853
2
searching 0.791738
1
ranging 0.273133 0.275011
198
ranging 0.401661 0.403245
177
ranging 0.135617 0.135929
35
searching 0.728864
1
searching 0.196602
0
ranging 0.965451 0.965455
0
searching 0.5402
0
ranging 0.909127 0.910515
141
searching 0.122289
0
ranging 0.679767 0.680277
55
searching 0.888883
0
ranging 0.855797 0.857427
154
ranging 0.998325 0.998333
0
searching 0.91284
1
searching 0.375524
0
ranging 0.308512 0.309584
123
ranging 0.229516 0.231314
192
searching 0.945383
0
searching 0.610777
1
searching 0.150055
0
ranging 0.233639 0.234189
51
searching 0.881692
0
searching 0.860636
1
ranging 0.790695 0.790905
31
ranging 0.076702 0.07672
1
ranging 0.440495 0.442307
170
ranging 0.14494 0.145802
84
searching 0.238686
0
ranging 0.57868 0.580482
198
ranging 0.446102 0.446592
58
ranging 0.789931 0.790951
104
searching 0.775175
0
searching 0.79541
1
searching 0.326677
1
ranging 0.597113 0.597239
8
ranging 0.4054 0.407132
185
ranging 0.886808 0.887286
44
searching 0.088931
1
ranging 0.484408 0.484688
25
searching 0.541279
0
ranging 0.356714 0.357824
119
searching 0.615719
0
ranging 0.663847 0.665819
209
searching 0.378399
1
searching 0.29239
1
searching 0.136311
1
searching 0.236627
1
searching 0.421571
0
searching 0.666268
2
ranging 0.283043 0.285023
212
searching 0.39067
1
ranging 0.16989 0.17068
86
ranging 0.785587 0.786045
36
ranging 0.218414 0.21885
48
ranging 0.163523 0.163619
14
ranging 0.025782 0.025944
12
searching 0.185358
2
searching 0.997247
1
ranging 0.578998 0.579456
45
searching 0.825689
1
searching 0.500205
2
ranging 0.372653 0.373219
57
ranging 0.678539 0.679879
132
searching 0.139239
1
ranging 0.376389 0.378311
177
searching 0.87484
2
ranging 0.408325 0.409509
129
ranging 0.889312 0.889452
15
searching 0.710533
1
searching 0.359708
0
ranging 0.333993 0.334875
78
searching 0.788915
0
searching 0.313824
2
searching 0.324143
0
searching 0.454081
1
searching 0.124003
1
ranging 0.767442 0.767794
39
searching 0.57299
0
searching 0.276146
0
ranging 0.069505 0.069755
29
searching 0.443353
1
ranging 0.6668 0.668444
163
searching 0.182822
1
searching 0.730367
0
searching 0.09136
1
ranging 0.538359 0.539403
104
searching 0.519578
0
searching 0.712658
0
searching 0.220755
1
ranging 0.096931 0.098125
124
searching 0.645841
1
ranging 0.570068 0.570168
6
searching 0.04124
0
searching 0.81417
1
ranging 0.643284 0.645154
195
searching 0.723023
1
ranging 0.856741 0.858013
122
searching 0.345897
1
searching 0.479061
1
ranging 0.857186 0.858084
89
ranging 0.249001 0.249395
44
ranging 0.740996 0.742238
128
ranging 0.391276 0.3915
17
ranging 0.962687 0.964417
192
searching 0.23637
0
ranging 0.844517 0.845515
95
searching 0.102084
1
ranging 0.215912 0.216472
58
searching 0.261422
1
searching 0.950833
2
searching 0.590786
1
searching 0.103672
1
ranging 0.069417 0.070831
165
searching 0.844251
1
ranging 0.995475 0.997391
208
ranging 0.520246 0.521498
108
ranging 0.599274 0.600996
170
ranging 0.798289 0.799285
89
ranging 0.619571 0.620511
105
ranging 0.33991 0.34112
113
searching 0.309556
0
searching 0.107247
1
searching 0.62935
1
ranging 0.819664 0.821456
155
ranging 0.925734 0.926446
87
searching 0.684826
1
ranging 0.728073 0.729041
110
searching 0.536957
1
ranging 0.28043 0.28052
8
ranging 0.325148 0.326212
93
searching 0.733448
2
searching 0.825053
0
ranging 0.686575 0.686871
29
ranging 0.653193 0.655077
183
ranging 0.989388 0.990342
87
ranging 0.579899 0.581231
135
searching 0.584771
1
ranging 0.468241 0.469257
94
ranging 0.156801 0.156897
10
searching 0.471313
1
ranging 0.315561 0.316601
95
ranging 0.078999 0.080493
150
searching 0.117773
1
searching 0.797353
0
ranging 0.823085 0.824449
163
searching 0.129901
1
ranging 0.930106 0.931896
189
searching 0.840018
0
searching 0.847856
1
searching 0.245078
1
ranging 0.432008 0.433482
144
ranging 0.439056 0.440082
107
searching 0.329582
0
ranging 0.374683 0.375289
67
searching 0.715967
1
searching 0.682415
0
searching 0.213166
0
searching 0.830976
1
ranging 0.749098 0.750688
156
searching 0.495312
0
ranging 0.836157 0.837029
79
searching 0.466614
1
searching 0.526218
0
ranging 0.281096 0.282258
128
searching 0.614473
0
ranging 0.374348 0.375206
113
searching 0.269556
0
searching 0.998222
1
ranging 0.191976 0.192488
50
ranging 0.7934 0.794152
69
searching 0.74481
1
ranging 0.717991 0.719841
201
searching 0.567073
0
ranging 0.221282 0.221336
6
ranging 0.586684 0.587812
120
searching 0.308096
1
searching 0.780683
1
ranging 0.16996 0.17053
61
ranging 0.23644 0.237364
98
searching 0.684342
0
searching 0.468999
1
ranging 0.827823 0.827997
27
searching 0.458038
0
searching 0.135599
1
searching 0.07871
0
ranging 0.381349 0.382591
127
searching 0.116315
0
searching 0.096973
1
searching 0.711127
0
ranging 0.014371 0.015239
87
searching 0.40183
0
searching 0.02465
0
ranging 0.701892 0.70341
147
searching 0.849249
1
ranging 0.157369 0.158905
163
ranging 0.015618 0.0163
65
ranging 0.546139 0.547733
155
ranging 0.429248 0.429636
35
ranging 0.485937 0.486295
32
ranging 0.540964 0.541316
43
ranging 0.711525 0.712489
112
ranging 0.606515 0.607835
140
ranging 0.038708 0.039836
98
searching 0.842025
1
searching 0.662222
0
searching 0.627973
0
searching 0.81825
0
searching 0.343921
1
searching 0.363798
0
ranging 0.164967 0.165175
25
searching 0.926101
1
ranging 0.096036 0.096122
9
ranging 0.652273 0.654081
182
ranging 0.702237 0.703543
127
ranging 0.509239 0.509823
72
ranging 0.079954 0.080728
83
ranging 0.390286 0.390744
47
searching 0.243066
1
ranging 0.650486 0.651054
69
ranging 0.415797 0.417143
141
searching 0.203239
2
searching 0.966283
0
ranging 0.178051 0.178241
15
ranging 0.117456 0.11861
111
searching 0.936198
1
ranging 0.832008 0.832484
41
ranging 0.211334 0.213226
187
ranging 0.658255 0.659725
155
ranging 7e-05 0.0015
143
ranging 0.655875 0.657561
168
searching 0.171185
1
searching 0.899055
1
ranging 0.813651 0.814013
37
searching 0.946627
0
searching 0.620009
0
ranging 0.015136 0.016926
184
ranging 0.248881 0.249803
88
ranging 0.432599 0.433913
139
ranging 0.923809 0.924031
23
searching 0.082235
1
ranging 0.975678 0.975774
9
searching 0.709152
0
searching 0.714558
1
ranging 0.871386 0.872648
137
searching 0.935075
0
searching 0.903626
0
ranging 0.764296 0.76555
119
ranging 0.730756 0.731364
42
searching 0.243362
0
ranging 0.510131 0.510899
77
ranging 0.687635 0.688809
121
searching 0.046102
1
ranging 0.469602 0.471162
150
ranging 0.92847 0.929692
118
ranging 0.9796 0.981568
206
searching 0.760792
0
ranging 0.516198 0.51639
21
searching 0.211134
1
searching 0.987943
0
ranging 0.257414 0.257898
54
searching 0.71465
1
ranging 0.430978 0.431328
37
ranging 0.65662 0.657396
72
ranging 0.214758 0.216668
189
ranging 0.979246 0.981038
192
searching 0.026619
1
ranging 0.584396 0.585916
161
searching 0.561683
1
searching 0.758107
0
ranging 0.863122 0.864588
144
ranging 0.684776 0.685798
106
searching 0.989922
1
ranging 0.696185 0.698117
189
ranging 0.847927 0.848485
60
searching 0.15658
1
searching 0.121659
0
ranging 0.938794 0.940034
136
searching 0.970357
1
searching 0.774743
2
ranging 0.455095 0.455229
14
searching 0.222354
1
searching 0.092102
2
searching 0.882516
0
searching 0.629986
1
searching 0.558404
1
searching 0.86547
0
ranging 0.960492 0.960926
53
searching 0.039613
1
searching 0.809077
1
ranging 0.961991 0.963329
155
searching 0.300596
0
searching 0.421644
0
searching 0.265613
0
searching 0.985201
0
ranging 0.148112 0.149994
186
ranging 0.716655 0.718327
175
ranging 0.130476 0.131764
142
searching 0.042191
1
ranging 0.838847 0.840239
131
searching 0.720429
1
searching 0.950415
1
searching 0.55495
0
ranging 0.434587 0.436267
164
searching 0.697286
1
ranging 0.469915 0.471381
140
ranging 0.118421 0.119025
77
searching 0.95975
1
searching 0.156392
0
ranging 0.686391 0.688227
186
ranging 0.51935 0.51941
7
ranging 0.267278 0.267666
29
searching 0.271303
0
searching 0.750751
1
searching 0.781182
0
searching 0.736516
1
searching 0.984799
1
ranging 0.562378 0.5631
81
ranging 0.060027 0.062023
204
ranging 0.92373 0.924048
33
ranging 0.916155 0.917785
163
ranging 0.602596 0.60402
144
searching 0.909662
0
searching 0.967742
0
ranging 0.836388 0.837378
94
searching 0.608799
1
searching 0.448984
0
ranging 0.039655 0.041579
215
ranging 0.046475 0.048031
145
ranging 0.91702 0.917774
76
searching 0.776054
1
searching 0.815656
0
searching 0.351234
1
ranging 0.008536 0.00904
60
searching 0.136551
0
searching 0.02178
0
ranging 0.136949 0.138447
161
ranging 0.81134 0.812542
106
searching 0.596366
0
ranging 0.134964 0.135918
114
ranging 0.667147 0.668919
176
searching 0.37709
1
searching 0.166783
0
searching 0.592732
1
searching 0.815641
0
ranging 0.693792 0.695612
196
ranging 0.115325 0.115937
64
ranging 0.44681 0.447954
107
ranging 0.062327 0.062731
37
ranging 0.747751 0.749469
149
ranging 0.681617 0.683087
176
ranging 0.071633 0.071983
36
ranging 0.851001 0.852099
99
searching 0.490834
1
searching 0.342828
1
ranging 0.282709 0.283417
67
searching 0.023053
2
searching 0.615166
0
searching 0.29962
3
ranging 0.483209 0.484029
82
searching 0.88205
0
ranging 0.648497 0.650355
189
ranging 0.03569 0.037176
134
ranging 0.737228 0.73776
58
searching 0.914368
1
ranging 0.711914 0.712802
104
searching 0.299534
0
ranging 0.906391 0.907873
140
searching 0.669383
1
searching 0.525416
0
ranging 0.720984 0.72252
132
ranging 0.338968 0.339312
22
ranging 0.358445 0.358751
32
ranging 0.811241 0.811997
74
ranging 0.182182 0.182328
13
searching 0.906505
1
ranging 0.68531 0.686644
130
searching 0.820949
1
searching 0.52196
0
ranging 0.05259 0.0545
182
searching 0.769451
1
searching 0.908362
1
searching 0.162795
2
ranging 0.147399 0.149147
171
searching 0.166401
0
ranging 0.977361 0.978355
111
searching 0.915022
0
searching 0.870448
0
searching 0.126497
1
ranging 0.425284 0.425682
48
searching 0.526971
1
ranging 0.630853 0.631511
64
searching 0.046798
0
ranging 0.551978 0.55389
205
ranging 0.839552 0.839772
21
searching 0.114932
0
ranging 0.165428 0.16674
131
ranging 0.037249 0.038701
119
searching 0.844974
0
searching 0.721602
0
searching 0.121366
1
searching 0.38018
1
searching 0.055322
0
searching 0.378595
0
ranging 0.809567 0.810701
109
searching 0.466006
1
ranging 0.709037 0.709491
48
ranging 0.052803 0.053199
35
searching 0.640059
2
ranging 0.243259 0.244223
77
ranging 0.62188 0.622428
59
ranging 0.65693 0.658918
199
ranging 0.755532 0.756656
93
searching 0.489317
0
ranging 0.741273 0.742441
128
ranging 0.285061 0.285205
20
ranging 0.170626 0.171246
63
searching 0.573446
0
ranging 0.835715 0.835825
7
ranging 0.648197 0.650005
179
searching 0.847053
1
ranging 0.725005 0.726375
142
searching 0.907044
1
ranging 0.460392 0.461512
113
ranging 0.926915 0.927427
54
ranging 0.985576 0.986294
61
searching 0.989849
1
searching 0.853856
1
ranging 0.907699 0.908731
96
searching 0.378381
1
searching 0.790128
0
searching 0.16858
0
searching 0.916962
0
searching 0.675921
0
ranging 0.13276 0.134342
165
ranging 0.837105 0.837483
34
ranging 0.407782 0.408568
79
ranging 0.943398 0.944522
112
ranging 0.192697 0.194545
191
ranging 0.760182 0.761622
151
ranging 0.937236 0.93831
115
searching 0.79254
0
searching 0.41002
1
searching 0.156668
2
ranging 0.718128 0.719294
128
ranging 0.806979 0.808397
139
searching 0.394043
1
searching 0.516156
1
ranging 0.483474 0.484808
128
searching 0.796746
0
searching 0.601159
0
searching 0.814109
0
searching 0.584807
1
ranging 0.733294 0.73454
125
searching 0.179857
1
searching 0.524281
0
ranging 0.580364 0.582046
139
ranging 0.780362 0.781024
63
searching 0.098215
1
searching 0.464435
1
ranging 0.238094 0.238636
56
searching 0.805434
0
searching 0.611759
1
ranging 0.381558 0.383112
151
ranging 0.729063 0.731005
176
ranging 0.837966 0.839004
100
searching 0.011908
1
searching 0.740345
1
ranging 0.402022 0.402552
77
ranging 0.416951 0.418919
203
ranging 0.493259 0.493495
42
searching 0.563
1
ranging 0.929495 0.930375
90
searching 0.072385
0
searching 0.98324
1
searching 0.310379
0
searching 0.673858
0
ranging 0.475435 0.475831
29
ranging 0.179649 0.181327
155
searching 0.505855
0
ranging 0.03738 0.037812
45
searching 0.669349
0
ranging 0.821412 0.82283
158
ranging 0.932246 0.933154
100
searching 0.280055
1
ranging 0.683047 0.683071
1
ranging 0.323922 0.325864
186
ranging 0.227212 0.228478
117
searching 0.575802
0
ranging 0.138065 0.140003
197
searching 0.192572
1
searching 0.132382
0
searching 0.675275
0
ranging 0.97577 0.97758
191
searching 0.82893
0
searching 0.491065
1
ranging 0.108841 0.110603
153
searching 0.164826
0
searching 0.696016
0
ranging 0.303987 0.303991
2
ranging 0.971088 0.971152
7
searching 0.853437
0
ranging 0.310267 0.310625
34
ranging 0.467768 0.468106
34
searching 0.153226
0
ranging 0.600076 0.600804
74
searching 0.91703
0
searching 0.375665
2
ranging 0.485268 0.487
164
ranging 0.588461 0.589537
117
ranging 0.04462 0.044834
23
ranging 0.060459 0.062049
165
ranging 0.645234 0.646574
112
ranging 0.757258 0.757834
58
searching 0.404072
2
ranging 0.968206 0.968332
17
ranging 0.575782 0.576304
32
ranging 0.80448 0.805928
159
ranging 0.271393 0.271949
53
ranging 0.813993 0.815099
137
searching 0.988255
0
ranging 0.476374 0.47765
117
ranging 0.118076 0.119898
207
searching 0.611511
0
ranging 0.379161 0.380897
193
searching 0.99281
1
searching 0.161377
2
searching 0.852925
0
ranging 0.897112 0.897576
41
ranging 0.565889 0.567275
131
searching 0.267752
1
searching 0.498891
2
searching 0.06746
1
searching 0.80182
0
ranging 0.500841 0.502257
144
searching 0.768499
0
searching 0.044892
1
ranging 0.06821 0.068936
81
ranging 0.647467 0.649065
167
searching 0.402497
1
searching 0.736838
0
searching 0.862101
0
ranging 0.681508 0.682256
87
ranging 0.23525 0.235748
53
ranging 0.65805 0.658474
38
searching 0.795915
2
ranging 0.509523 0.510247
80
ranging 0.254004 0.255754
157
searching 0.917901
1
ranging 0.872657 0.873373
86
ranging 0.348906 0.350388
164
searching 0.303679
1
searching 0.828029
0
searching 0.142927
0
ranging 0.198363 0.199177
66
searching 0.610025
0
searching 0.698714
1
searching 0.106251
1
ranging 0.892677 0.893023
29
ranging 0.378035 0.379601
156
searching 0.544975
0
ranging 0.071634 0.073368
174
ranging 0.128144 0.129026
74
ranging 0.231713 0.232979
125
searching 0.157318
0
ranging 0.968071 0.968239
24
ranging 0.763922 0.764358
53
ranging 0.834429 0.835713
146
searching 0.152925
1
searching 0.757914
1
ranging 0.906241 0.907459
115
ranging 0.307289 0.307881
68
ranging 0.133709 0.134927
112
searching 0.149785
0
searching 0.792158
1
searching 0.555887
1
searching 0.905904
1
ranging 0.27216 0.273098
105
searching 0.936576
1
searching 0.129085
1
searching 0.134785
1
searching 0.691823
0
ranging 0.727193 0.728977
195
searching 0.590111
2
searching 0.431166
1
searching 0.51458
1
ranging 0.315816 0.316846
102
searching 0.29302
1
ranging 0.757738 0.759042
136
searching 0.358726
0
ranging 0.087991 0.089401
142
ranging 0.059279 0.061267
188
searching 0.435046
0
searching 0.618804
2
searching 0.594624
1
ranging 0.050989 0.051305
35
searching 0.075765
1
searching 0.062592
1
searching 0.722117
2
ranging 0.543938 0.545454
138
ranging 0.713914 0.715062
140
searching 0.28001
0
ranging 0.42599 0.426306
24
ranging 0.034026 0.035944
198
ranging 0.090214 0.091378
133
ranging 0.8275 0.828482
119
searching 0.153289
1
searching 0.357084
1
ranging 0.996732 0.997944
139
ranging 0.314228 0.316082
169
ranging 0.433362 0.433864
51
ranging 0.383171 0.384101
95
ranging 0.065612 0.067524
185
ranging 0.070884 0.071366
65
ranging 0.014604 0.015492
96
searching 0.325067
1
searching 0.35561
2
searching 0.066056
1
ranging 0.445627 0.446031
38
ranging 0.339309 0.339417
5
searching 0.214083
0
searching 0.484973
1
searching 0.139186
1
searching 0.247078
0
searching 0.395091
1
searching 0.412287
1
searching 0.595394
1
ranging 0.537431 0.538455
89
ranging 0.200655 0.202357
182
searching 0.491118
1
ranging 0.921344 0.923342
181
searching 0.492727
2
searching 0.452695
1
ranging 0.432873 0.434487
180
searching 0.482586
1
searching 0.620907
1
ranging 0.376644 0.376866
19
searching 0.427793
0
searching 0.024235
0
searching 0.319089
0
ranging 0.77273 0.773006
31
searching 0.314245
1
searching 0.792272
0
ranging 0.37976 0.38153
191
ranging 0.29417 0.296054
180
ranging 0.297836 0.298084
25
searching 0.5709
0
searching 0.299491
1
searching 0.232512
0
searching 0.813889
1
ranging 0.666958 0.666968
5
searching 0.882437
2
searching 0.103899
1
ranging 0.215799 0.216439
69
searching 0.362105
0
ranging 0.782738 0.784362
158
ranging 0.836063 0.837409
119
searching 0.475892
0
searching 0.293128
1
searching 0.346473
1
ranging 0.315355 0.315799
31
searching 0.570634
0
searching 0.888874
1
ranging 0.225788 0.227392
175
ranging 0.133912 0.133916
0
searching 0.648199
0
searching 0.460749
0
searching 0.152953
1
searching 0.413357
0
searching 0.501484
1
ranging 0.954069 0.955875
190
ranging 0.680804 0.682556
192
searching 0.52637
1
ranging 0.245123 0.246293
102
ranging 0.595164 0.595996
89
ranging 0.147502 0.147558
2
searching 0.563865
0
ranging 0.330142 0.330366
20
ranging 0.379343 0.381119
195
searching 0.347751
0
ranging 0.743152 0.743564
40
searching 0.016667
1
searching 0.775635
2
ranging 0.562825 0.564753
176
searching 0.598598
1
searching 0.666674
0
searching 0.300864
0
ranging 0.428113 0.429675
154
ranging 0.938886 0.939988
124
ranging 0.01381 0.015458
175
searching 0.378905
0
searching 0.867346
1
ranging 0.181648 0.182854
117
ranging 0.450711 0.451429
79
searching 0.888903
1
ranging 0.642075 0.644001
195
searching 0.264382
1
ranging 0.393824 0.395018
129
searching 0.862751
1
searching 0.564241
1
searching 0.651784
1
ranging 0.089945 0.090349
42
ranging 0.750865 0.750971
10
ranging 0.345883 0.346493
65
ranging 0.232517 0.233441
78
ranging 0.537712 0.538684
87
ranging 0.780446 0.781836
141
searching 0.414241
0
searching 0.492331
0
ranging 0.897623 0.898681
124
ranging 0.046057 0.047147
111
ranging 0.04438 0.044736
32
searching 0.047735
0
searching 0.970618
0
ranging 0.023446 0.024434
105
ranging 0.603241 0.604029
80
ranging 0.710315 0.712059
189
ranging 0.535609 0.537157
137
ranging 0.88341 0.884376
114
ranging 0.878054 0.878776
76
ranging 0.826991 0.827963
102
ranging 0.210916 0.21227
137
searching 0.838932
0
ranging 0.077117 0.077429
24
ranging 0.504782 0.505148
30
searching 0.69804
1
ranging 0.519785 0.520947
101
searching 0.606233
1
searching 0.384466
0
searching 0.034963
0
ranging 0.641191 0.642573
149
searching 0.589402
1
searching 0.849396
1
searching 0.947891
0
ranging 0.960159 0.960721
76
ranging 0.557904 0.5586
76
ranging 0.36498 0.365666
72
ranging 0.150119 0.150337
24
searching 0.561146
2
searching 0.675751
1
searching 0.628359
0
ranging 0.54788 0.549838
208
searching 0.610547
1
searching 0.676653
1
searching 0.153736
0
searching 0.150678
1
searching 0.510924
1
ranging 0.970249 0.971111
71
searching 0.173239
1
ranging 0.500486 0.501678
123
searching 0.78191
0
searching 0.444006
0
ranging 0.340197 0.340507
33
searching 0.885666
0
searching 0.47164
2
searching 0.176788
0
ranging 0.227849 0.229839
184
searching 0.207147
1
ranging 0.492011 0.493485
192
searching 0.834732
1
ranging 0.504959 0.505087
11
ranging 0.591496 0.592072
57
searching 0.118948
1
ranging 0.43543 0.436436
90
searching 0.387078
0
searching 0.872872
0
searching 0.070822
1
ranging 0.760857 0.761079
22
ranging 0.037971 0.038339
30
ranging 0.465759 0.466893
110
ranging 0.063006 0.06415
132
ranging 0.631488 0.632946
149
ranging 0.36681 0.367446
61
ranging 0.805358 0.8073
205
ranging 0.908664 0.908692
2
ranging 0.291673 0.292627
93
ranging 0.039914 0.041526
177
ranging 0.556336 0.55645
12
searching 0.854809
1
searching 0.703042
0
ranging 0.255724 0.257544
176
searching 0.598325
0
searching 0.557225
1
searching 0.012379
1
ranging 0.009905 0.010667
74
ranging 0.323415 0.325301
198
ranging 0.677759 0.679355
155
searching 0.806174
1
searching 0.295599
0
searching 0.268277
0
searching 0.200495
1
ranging 0.335729 0.336755
112
ranging 0.73885 0.740776
174
ranging 0.271638 0.271974
30
ranging 0.442717 0.443189
47
searching 0.331285
0
searching 0.820776
1
searching 0.506429
1
searching 0.937481
0
ranging 0.06788 0.06827
46
searching 0.723152
0
searching 0.416608
1
searching 0.402424
0
ranging 0.670582 0.671444
70
searching 0.685445
0
ranging 0.03205 0.033664
150
ranging 0.211685 0.213177
153
searching 0.272881
0
searching 0.274963
1
ranging 0.310398 0.310558
11
ranging 0.291403 0.291865
48
searching 0.358603
0
searching 0.476638
1
ranging 0.274097 0.275771
171
searching 0.172338
1
ranging 0.028014 0.0298
184
ranging 0.417795 0.419647
185
searching 0.130144
1
ranging 0.978253 0.979719
152
ranging 0.259131 0.260119
111
searching 0.950828
1
searching 0.952154
0
searching 0.801908
1
searching 0.055889
1
searching 0.395057
1
ranging 0.953725 0.954433
71
searching 0.693422
1
searching 0.365703
1
ranging 0.583013 0.584377
149
ranging 0.966502 0.967466
88
ranging 0.630715 0.632095
133
ranging 0.374412 0.37639
224
searching 0.050019
1
ranging 0.658059 0.658807
77
searching 0.949719
1
searching 0.877485
1
ranging 0.75076 0.751202
47
searching 0.231199
1
ranging 0.674029 0.674345
38
searching 0.34445
1
searching 0.976481
0
ranging 0.685012 0.685034
4
ranging 0.879096 0.880126
117
ranging 0.839094 0.839462
37
searching 0.110322
0
ranging 0.681463 0.682675
150
searching 0.56643
2
ranging 0.327572 0.327786
26
ranging 0.122507 0.123027
57
searching 0.132147
1
searching 0.376268
0
searching 0.756251
0
ranging 0.40523 0.406912
163
searching 0.345739
0
searching 0.376549
1
ranging 0.283598 0.284326
83
ranging 0.515436 0.516374
96
searching 0.139467
1
searching 0.375782
1
ranging 0.000811 0.001517
68
searching 0.683385
0
ranging 0.736134 0.736414
29
searching 0.78784
0
ranging 0.837544 0.838826
113
searching 0.599082
1
ranging 0.169923 0.171901
200
ranging 0.072528 0.074198
144
ranging 0.090508 0.090974
62
searching 0.622677
0
ranging 0.326522 0.32814
160
ranging 0.720087 0.721117
97
ranging 0.890775 0.890957
14
ranging 0.775412 0.775572
20
searching 0.07506
0
searching 0.348682
0
searching 0.869113
0
ranging 0.875059 0.876833
171
searching 0.184289
1
ranging 0.259016 0.260478
145
searching 0.218906
0
searching 0.975675
1
ranging 0.128578 0.130418
180
ranging 0.350256 0.352102
193
ranging 0.549062 0.54953
46
searching 0.58813
0
searching 0.106139
0
searching 0.216655
0
searching 0.621222
0
searching 0.198931
0
ranging 0.371859 0.373413
155
ranging 0.972408 0.973664
111
ranging 0.78006 0.781494
140
ranging 0.883839 0.884573
83
searching 0.328637
0
searching 0.420553
1
searching 0.843073
1
ranging 0.976953 0.977121
16
ranging 0.332537 0.334437
187
searching 0.008536
0
searching 0.922818
1
searching 0.278529
0
searching 0.526148
1
searching 0.109613
0
ranging 0.861535 0.862115
74
searching 0.985471
1
searching 0.193551
2
searching 0.317726
1
ranging 0.786839 0.788163
129
ranging 0.161852 0.162298
47
searching 0.379935
0
searching 0.597396
1
searching 0.931807
0
ranging 0.746376 0.746708
38
ranging 0.148075 0.149321
125
For 0 0.000180959701538 0.000550031661987 0.000215304374695 3.07116866628e-05
For 1 0.0001060962677 0.000316143035889 0.000141255378723 2.22998760886e-05
For 2 0.000124931335449 0.00361609458923 0.00143674111366 0.000755964557947
